BBout11FL.Mean	130.435943233806	14.5319367845615	0.336140521052599	335.804273333333
BBout11FL.SD	7.28386725349827	9.73111392510988	0.274372581307696	274.682827736388
BBout11FL.Naive SE	0.0132984613353807	0.0177665020214511	0.000500933506477151	0.501499936368418
BBout11FL.Time-series SE	1.28032869336032	1.38865769730434	0.0360607870408572	36.5692414343128
BBout11FL.2.5%	118.377183702023	0.612990229279698	0.0300165600432323	30
BBout11FL.25%	124.297438841746	5.75354558883811	0.0958156209602502	95
BBout11FL.50%	130.406282143742	15.1264453857759	0.242632882666997	242
BBout11FL.75%	135.998362616645	19.9685209377874	0.540386421542702	541
BBout11FL.97.5%	145.11615201275	34.9438197520508	0.929818574775058	930
BBout11FL.Point est.	1.59559993371809	4.45905986808489	1.06779982549644	1.06783811257862
BBout11FL.Upper C.I.	2.56854387696913	9.57925202402545	1.21860780691885	1.21869328016833
BBout31TL.Mean	147.129385158562	2.61746558104327	0.331964929743456	331.64143
BBout31TL.SD	16.2972449229728	2.60861313445034	0.275993931928983	276.274962522975
BBout31TL.Naive SE	0.0297545622316626	0.00476265419180902	0.000503893674173498	0.504406763492427
BBout31TL.Time-series SE	2.58878412715353	0.417260115347783	0.0279136781434843	27.8541057172907
BBout31TL.2.5%	127.137998530455	0.0167906946117427	0.0226506088058591	23
BBout31TL.25%	135.331218553208	0.438870202697887	0.0967718158544165	96
BBout31TL.50%	141.349267527653	1.77067791551977	0.241240986153596	241
BBout31TL.75%	157.350169172374	4.14277829748856	0.527430225442315	527
BBout31TL.97.5%	181.741176374599	9.45698674366383	0.949652097362441	950
BBout31TL.Point est.	3.07169368713086	1.48715888792403	1.11169439351717	1.11197101765375
BBout31TL.Upper C.I.	7.49423756725277	2.63140869903911	1.34352197887087	1.34430070172193
BBout32TL.Mean	147.579518715997	1.39742613623051	0.319775722709171	319.428713333333
BBout32TL.SD	3.98912848246338	1.64693196890797	0.252065672815027	252.254533648146
BBout32TL.Naive SE	0.00728311884877182	0.00300687263349097	0.00046020684991169	0.460551661040118
BBout32TL.Time-series SE	0.926262176574125	0.42512315824168	0.0226946418235586	22.875020542124
BBout32TL.2.5%	139.104867532154	0.124866342417618	0.0565301529160624	56
BBout32TL.25%	145.262658344093	0.289047047046399	0.116256076273431	116
BBout32TL.50%	148.530658808228	0.621570343327769	0.218197947756931	217
BBout32TL.75%	150.977077022491	1.49881244179039	0.479381704371036	479
BBout32TL.97.5%	152.606788742812	5.3309060374615	0.925423382772061	926
BBout32TL.Point est.	8.4409522970513	4.35172738008205	1.56582293180352	1.56733701889902
BBout32TL.Upper C.I.	17.4227233969516	18.6488783463233	2.82200098343519	2.8283825444205
BBout33TL.Mean	121.931993494974	35.9886780595169	0.445640969049036	445.514633333333
BBout33TL.SD	5.36081929217921	15.2606082747171	0.293894103510516	294.20047850449
BBout33TL.Naive SE	0.00978747217678477	0.0278619313110418	0.00053657476670156	0.537134128352409
BBout33TL.Time-series SE	1.21205715945559	3.18104247429006	0.0354386744081527	35.7524060439805
BBout33TL.2.5%	114.45662389823	8.44035581558398	0.0240824007578296	24
BBout33TL.25%	117.933193603742	27.2156806093302	0.182464752073392	182
BBout33TL.50%	120.985339867088	32.8063981764017	0.419051060066202	419
BBout33TL.75%	124.427612260333	49.5158222757093	0.695553935798164	696
BBout33TL.97.5%	135.264881820237	63.9730331902433	0.967068097428758	967
BBout33TL.Point est.	1.24041159544421	2.8306968396849	1.03992700862365	1.04002073557907
BBout33TL.Upper C.I.	1.80331357099089	5.94633357027285	1.12617837616839	1.12641861406001
BBout31FL.Mean	167.511488759175	7.77746984887875	0.150167627926926	149.47017
BBout31FL.SD	35.1150943466092	8.53332886444903	0.237532391022372	237.879168119376
BBout31FL.Naive SE	0.0641110976085333	0.0155796556988956	0.000433672829003636	0.434305954465154
BBout31FL.Time-series SE	4.78056960806886	1.20660034741187	0.0360488954233919	36.2351168477696
BBout31FL.2.5%	119.225937936431	0.00833463440078897	0.00175833858403119	2
BBout31FL.25%	143.710716462407	0.239900064187481	0.00784556661633637	7
BBout31FL.50%	154.580001681672	3.02397532667553	0.0292143529864488	28
BBout31FL.75%	209.219806559447	14.2407282423333	0.164875438723246	164
BBout31FL.97.5%	223.123585059112	25.3133055469414	0.850670835588916	851
BBout31FL.Point est.	7.59629735315367	4.58236725178759	1.72847384867268	1.72946347304657
BBout31FL.Upper C.I.	19.3943673894019	21.8092488993209	3.73289546303057	3.73721578742009
BBout32FL.Mean	149.388874390199	4.27409011360164	0.139170101321818	138.440883333333
BBout32FL.SD	3.02557747473246	2.86970085195033	0.213365456598186	213.61769667708
BBout32FL.Naive SE	0.00552392344130161	0.00523933296634995	0.000389550245237387	0.390010770507776
BBout32FL.Time-series SE	0.332275501043032	0.450178817693685	0.0133843661194365	13.5816715339637
BBout32FL.2.5%	143.793841603823	0.181356545400253	0.0100330802855964	12
BBout32FL.25%	147.12508325967	0.826158925522789	0.0201819956679096	20
BBout32FL.50%	148.762060388262	5.20858309754692	0.0318801755243975	31
BBout32FL.75%	152.846264171811	6.61430210592444	0.17567077343632	176
BBout32FL.97.5%	154.079392880486	8.62376279949874	0.810406860539835	811
BBout32FL.Point est.	6.14724302770763	5.79657180382839	2.24535832779963	2.24977131897869
BBout32FL.Upper C.I.	17.1361706613367	14.2780062761803	11.6625980970975	11.7519884557521
BBout33FL.Mean	128.427258683409	18.5791076295886	0.344438843427277	344.132436666667
BBout33FL.SD	6.28140692750609	14.0515538226811	0.274861006651484	275.129945865864
BBout33FL.Naive SE	0.011468227556881	0.0256545099889346	0.000501825245071984	0.502316258653029
BBout33FL.Time-series SE	1.16200007509897	3.58827973182781	0.0287811809137255	29.1373442942453
BBout33FL.2.5%	118.109889913183	1.1234787636893	0.0193402813432139	20
BBout33FL.25%	123.889411286492	8.15277824976605	0.122331446739929	122
BBout33FL.50%	128.260715068727	14.5972036437398	0.252602527210273	252
BBout33FL.75%	132.424110273319	25.0026394485815	0.539306002242528	539
BBout33FL.97.5%	141.927144959671	50.2270039573194	0.948228717751711	949
BBout33FL.Point est.	1.17388423507788	5.1810112188784	1.32540700712115	1.32618688341058
BBout33FL.Upper C.I.	1.58695740826429	10.5645937166199	1.86595235737067	1.86774325089188
CAout11FL.Mean	120.994550568136	4.78185291497391	0.487099870455471	487.094273333333
CAout11FL.SD	6.58900097922809	3.38050773102598	0.296240936463497	296.548679640072
CAout11FL.Naive SE	0.0120298148924895	0.00617193446701178	0.000540859477858373	0.541421337457468
CAout11FL.Time-series SE	1.38301451557944	0.74504383486172	0.0199593461795738	20.0958194214197
CAout11FL.2.5%	111.674894339885	0.212590293190914	0.0271660211463302	27
CAout11FL.25%	115.290255726577	1.83970788807434	0.225926713245123	226
CAout11FL.50%	119.452829373525	4.4684525271538	0.487562568060359	488
CAout11FL.75%	126.505853051689	7.14145116914061	0.742387946459959	743
CAout11FL.97.5%	134.112236703993	12.0639469838321	0.979225236168702	980
CAout11FL.Point est.	1.53192683597496	2.22941890938699	1.10877839408244	1.10900461915602
CAout11FL.Upper C.I.	2.64912365298038	4.07131325173153	1.3368924730007	1.33754328265014
CAout13FL.Mean	110.321584798505	36.9031966614781	0.521397514347305	521.44959
CAout13FL.SD	3.31725822124914	16.4361752792994	0.272974763919785	273.144827089624
CAout13FL.Naive SE	0.00605645718949206	0.0300082131986035	0.000498381452761712	0.49869194420945
CAout13FL.Time-series SE	0.349290285292427	3.60618042713113	0.0171401823014736	17.2590662793322
CAout13FL.2.5%	105.002801756511	9.30314199457837	0.0678987912968902	67
CAout13FL.25%	107.828970954197	22.6291877242632	0.29117208442463	291
CAout13FL.50%	109.875533784175	36.6376527573374	0.505669746037645	506
CAout13FL.75%	112.471588872351	51.2796396838964	0.759760096543627	760
CAout13FL.97.5%	117.818278560202	66.0960983880655	0.979456369940081	980
CAout13FL.Point est.	1.07010468613309	2.85583608464857	1.10503686222021	1.10538542247798
CAout13FL.Upper C.I.	1.18180153466597	5.99934203387581	1.31977415185197	1.32069431776311
CAout21FL.Mean	112.447961352813	39.4817622580183	0.539262515417672	539.32372
CAout21FL.SD	7.04284114572862	26.097801817784	0.276499464002622	276.736023714751
CAout21FL.Naive SE	0.0128584098814703	0.0476478491896654	0.00050481664524108	0.505248542209512
CAout21FL.Time-series SE	0.544881624022239	1.06790876334058	0.0170189592596604	16.9413545919981
CAout21FL.2.5%	104.865084225934	0.800922083818531	0.0554534304392704	55
CAout21FL.25%	106.921055797305	4.02986398378207	0.312888764397896	313
CAout21FL.50%	109.219718395925	55.0594273774872	0.543569098394196	544
CAout21FL.75%	117.710451684744	59.9032570485122	0.77763923553214	778
CAout21FL.97.5%	128.814655992972	64.9532553806551	0.980955441371685	981
CAout21FL.Point est.	3.74255563185757	24.9933697521619	1.06665666444684	1.06671201733368
CAout21FL.Upper C.I.	9.60669682089535	54.8171409562235	1.21027043531667	1.21039603600619
CAout22FL.Mean	114.257074752532	8.63895791010729	0.637361752942409	637.634783333333
CAout22FL.SD	3.14583265107764	2.82490856145974	0.248229005139397	248.358510893599
CAout22FL.Naive SE	0.00574347835043834	0.0051575538066699	0.000453202085139713	0.453438529216057
CAout22FL.Time-series SE	0.146568335448728	0.319322520618062	0.0037010182518274	3.68810390385115
CAout22FL.2.5%	110.839154194728	4.33764438163988	0.190960909847247	192
CAout22FL.25%	111.857957601555	6.37214785367843	0.411620177745871	411
CAout22FL.50%	112.491720476927	7.99250390765078	0.679848956932284	680
CAout22FL.75%	118.19138961281	11.5069110989491	0.857440243310777	858
CAout22FL.97.5%	119.604790564403	12.8958409245484	0.987416884356452	988
CAout22FL.Point est.	9.96321003320922	9.71960624423238	2.7756887280199	2.78727238821274
CAout22FL.Upper C.I.	19.7594959393381	19.9854052789461	5.17187931507617	5.20222388489767
CAout23FL.Mean	109.256308385753	60.402452499436	0.503652376073554	503.641026666667
CAout23FL.SD	4.26975305406747	33.2409015728367	0.291071021658838	291.343350283885
CAout23FL.Naive SE	0.00779546687563109	0.0606893054108387	0.000531420547995402	0.531917749765376
CAout23FL.Time-series SE	0.481242011531391	8.56237866880131	0.0203881305429294	20.5950444774975
CAout23FL.2.5%	103.498603437942	15.8064989252614	0.0384772127780486	38
CAout23FL.25%	106.054664638412	36.5241175194864	0.243129908676633	243
CAout23FL.50%	108.320133143384	53.6690425047674	0.504738507860136	505
CAout23FL.75%	111.370570064853	77.7110513573032	0.761213958176953	762
CAout23FL.97.5%	120.178967274825	145.677354320483	0.97419067151927	975
CAout23FL.Point est.	2.06719574195399	4.23640234321268	1.05917098847658	1.05934284359067
CAout23FL.Upper C.I.	3.52580669688634	12.2133873231015	1.19178755451841	1.19230371760103
CAout31FL.Mean	113.675660991673	17.3173257037638	0.561993474529537	562.08592
CAout31FL.SD	4.76080888093679	10.7029806034777	0.257813759319391	257.993042126694
CAout31FL.Naive SE	0.00869200805353336	0.0195408796968833	0.000470701372048128	0.471028696173903
CAout31FL.Time-series SE	0.403903699095547	1.60580302837079	0.0144606359026208	14.4589374731171
CAout31FL.2.5%	106.81309699529	1.11299570059035	0.0903048057438639	90
CAout31FL.25%	110.198822277245	5.42582155036698	0.356089008828	356
CAout31FL.50%	112.494160708938	20.1000292528834	0.561292542971817	561
CAout31FL.75%	116.568505809496	23.8127099593257	0.781080011320667	781
CAout31FL.97.5%	124.672355985761	38.6667827196842	0.981307247282618	982
CAout31FL.Point est.	1.75436376529018	5.7492551336189	1.04412068636302	1.04426861815699
CAout31FL.Upper C.I.	2.93264800902068	11.8722264162243	1.14696660652256	1.14741386567394
CAout32FL.Mean	146.6408090402	0.971242974658011	0.171788037385839	171.126346666667
CAout32FL.SD	2.44309177803399	1.07509701133234	0.244574452184363	244.897441348501
CAout32FL.Naive SE	0.00446045492294874	0.00196284961537703	0.000446529814836148	0.447119509672908
CAout32FL.Time-series SE	1.36450975332757	0.399660866528498	0.0184301012464271	18.5516494388146
CAout32FL.2.5%	141.004823383139	0.0202284594009975	0.00286721921180139	3
CAout32FL.25%	145.201877946331	0.0869050628758025	0.0103507679732742	9
CAout32FL.50%	146.932991067298	0.461604802403925	0.0417607965918947	41
CAout32FL.75%	148.369880546869	1.63016762697025	0.241128268520591	240
CAout32FL.97.5%	150.397221827141	3.51416069808621	0.88039248993502	880
CAout32FL.Point est.	3.68740285879922	1.1425871567014	1.02878914855448	1.02884103993238
CAout32FL.Upper C.I.	7.16259005663853	1.37861385502324	1.08835861885267	1.08851845895039
CAout33FL.Mean	112.43186762227	41.9652890462081	0.514293046591748	514.28374
CAout33FL.SD	5.5760218549122	39.8533213584618	0.290564320502994	290.861659533581
CAout33FL.Naive SE	0.0101803765035907	0.0727618769984399	0.000530495442485503	0.531038306799767
CAout33FL.Time-series SE	0.574376761936403	3.24132591515682	0.0204082860453149	20.5723557558559
CAout33FL.2.5%	104.034324743417	2.05837027762554	0.0477625636568433	48
CAout33FL.25%	107.880742525469	6.84401766793563	0.256411747694238	256
CAout33FL.50%	112.074313008972	19.3736242243006	0.519164167886718	519
CAout33FL.75%	116.194207805149	92.1381856506304	0.772912103516462	773
CAout33FL.97.5%	124.727844281341	102.650635249683	0.975727107095341	976
CAout33FL.Point est.	2.49888455200574	9.2050998929202	1.0341780484606	1.03426179647177
CAout33FL.Upper C.I.	4.81424428315045	28.166203359608	1.1076489627736	1.10788275186307
CAout11TL.Mean	114.878548596282	17.5075420724213	0.496302623762072	496.269883333333
CAout11TL.SD	6.19533551799646	13.3995802553979	0.285630529932549	285.904698570419
CAout11TL.Naive SE	0.011311083381732	0.0244641745566075	0.000521487614520705	0.521988175679111
CAout11TL.Time-series SE	1.11342038955156	2.96139693058106	0.0191843745430127	19.1208472024938
CAout11TL.2.5%	106.670087185756	0.79089845851332	0.0530166352044801	53
CAout11TL.25%	110.200709388745	6.76096859332459	0.24543517593359	245
CAout11TL.50%	113.43422269278	13.8467639335732	0.482825533895857	483
CAout11TL.75%	118.395303951799	26.0020296726322	0.745580266590076	746
CAout11TL.97.5%	130.040263074795	47.5052040346465	0.975281912242678	976
CAout11TL.Point est.	2.36708082807078	5.83956265460778	1.13425290006975	1.1344508125771
CAout11TL.Upper C.I.	4.27044276889549	12.7094215476195	1.39771913259945	1.398215014659
CAout13TL.Mean	117.326964622974	15.2251104449392	0.43891448581278	438.81372
CAout13TL.SD	7.07028782309703	12.7330373962406	0.299652393034094	299.986355543837
CAout13TL.Naive SE	0.0129085204292145	0.0232472393582594	0.000547087916917256	0.547697646250415
CAout13TL.Time-series SE	1.10091914521291	2.08821828486661	0.0207674678953375	20.9860246965938
CAout13TL.2.5%	106.877734460186	0.580761144030231	0.0133479854419219	12
CAout13TL.25%	111.097947399518	3.66263707709288	0.162703417777461	162
CAout13TL.50%	117.468972765508	12.183053660005	0.3995639415235	399
CAout13TL.75%	121.818460479464	24.8577964300474	0.705148826003693	705
CAout13TL.97.5%	134.238891796755	42.7133853517318	0.969217746403344	970
CAout13TL.Point est.	2.0484108068347	2.70161426612793	1.1433486110471	1.14367860317632
CAout13TL.Upper C.I.	4.75376079842312	6.64299726833272	1.41855585691638	1.41939330393023
CAout21TL.Mean	117.462678583638	11.1998788385771	0.467151111228328	467.0682
CAout21TL.SD	7.00417774650036	8.13340026736579	0.285579236588258	285.855886886009
CAout21TL.Naive SE	0.0127878204951132	0.0148494893188493	0.000521393966114978	0.521899058143708
CAout21TL.Time-series SE	1.31976077375542	0.856522506786114	0.0193113487930581	19.4949328935422
CAout21TL.2.5%	108.648607791499	0.45876387818865	0.0275931696987466	27
CAout21TL.25%	112.023740571138	4.36988388981027	0.215602738343849	215
CAout21TL.50%	115.692328485392	8.94170085367865	0.447356460411336	447
CAout21TL.75%	121.121154393399	20.1210905821874	0.705569001751429	706
CAout21TL.97.5%	134.042245837204	24.7684571986197	0.973463414644437	974
CAout21TL.Point est.	1.628115808176	4.40957456827717	1.02045678403306	1.02044585982011
CAout21TL.Upper C.I.	2.86773602002721	9.12377084103242	1.07118115149319	1.07114900631015
CAout23TL.Mean	110.295182086874	39.991421418901	0.514671309574028	514.687113333333
CAout23TL.SD	3.89742975323892	18.2128289255782	0.284850633233151	285.123907697588
CAout23TL.Naive SE	0.00711570064046916	0.0332519241284059	0.000520063724471425	0.520562653099967
CAout23TL.Time-series SE	0.571722855000875	5.78254802673626	0.0193313525273344	19.4932365816548
CAout23TL.2.5%	105.091436887032	6.80974518787408	0.0545682797128907	54
CAout23TL.25%	107.434734923385	25.1930826101276	0.260287288417919	260
CAout23TL.50%	109.46190979319	37.6301316239381	0.522165795748033	522
CAout23TL.75%	112.20649969882	55.2868184939831	0.763230314323405	764
CAout23TL.97.5%	120.190671926901	72.0756674643091	0.976823266888536	977
CAout23TL.Point est.	1.21264508016967	3.26660586448259	1.0884847504191	1.08862789591531
CAout23TL.Upper C.I.	1.60849301568338	6.87523489323684	1.27279988320138	1.27319893034844
CAout31TL.Mean	115.402013081201	18.0296365032955	0.486521587970049	486.491863333333
CAout31TL.SD	6.34846241780035	12.4255777913528	0.305224109794485	305.568503275717
CAout31TL.Naive SE	0.0115906535723435	0.0226858974878638	0.000557260433429576	0.557889207024005
CAout31TL.Time-series SE	1.26389423166682	2.71693247511952	0.0242211003688301	24.5252753080274
CAout31TL.2.5%	106.821373160914	0.612545077709035	0.0229722127913515	23
CAout31TL.25%	110.060319641801	6.44347215064828	0.200702236798919	200
CAout31TL.50%	114.064414183708	16.8770946351005	0.494708654844775	495
CAout31TL.75%	119.881239541954	31.8032195589335	0.753719977214266	754
CAout31TL.97.5%	129.818264625192	37.8190236364929	0.976836207805849	977
CAout31TL.Point est.	2.67062274486045	8.52470246945188	1.44381470038499	1.44463158596667
CAout31TL.Upper C.I.	6.20341853052663	17.6671757893703	2.27614966147802	2.27870167439492
CAout32TL.Mean	151.994876038354	0.196020188207114	0.223295048814318	222.72303
CAout32TL.SD	1.41004809658769	0.223952440787802	0.256064551361874	256.359576841581
CAout32TL.Naive SE	0.00257438383222768	0.000408879345426064	0.000467507769861128	0.46804641022871
CAout32TL.Time-series SE	0.48074971905973	0.0250882032584281	0.0159327088917856	15.9692154764212
CAout32TL.2.5%	149.44595090788	0.00936414284484122	0.00941623946466621	10
CAout32TL.25%	150.853381159429	0.0287243577682752	0.0336554583247447	33
CAout32TL.50%	151.994905981893	0.0977737037648891	0.101889822247172	101
CAout32TL.75%	153.236181951517	0.290158472536378	0.336757707748342	336
CAout32TL.97.5%	154.276601016153	0.794897578391019	0.89167277927701	892
CAout32TL.Point est.	1.07971771245143	1.05684797264417	1.0022570813403	1.00225371469033
CAout32TL.Upper C.I.	1.20037508538203	1.15169347695215	1.00767650284752	1.00766553084188
CAout33TL.Mean	109.166384045503	46.1848616623253	0.536207205081349	536.292266666667
CAout33TL.SD	3.2625373489112	11.3510207590811	0.273546517972016	273.750077669174
CAout33TL.Naive SE	0.00595655100233923	0.0207240337348604	0.000499425328067552	0.499796975527327
CAout33TL.Time-series SE	0.371959943830181	2.83186327687485	0.016688322731262	16.6738165156348
CAout33TL.2.5%	104.907223403485	27.8888952289176	0.0566321456070142	56
CAout33TL.25%	106.969762904659	36.4944216882846	0.306290921754415	306
CAout33TL.50%	108.434050028034	44.9984801080405	0.542840520192866	543
CAout33TL.75%	110.577996309878	55.4314486220109	0.770659403400002	771
CAout33TL.97.5%	117.529666712217	67.7130346572905	0.976911592424231	978
CAout33TL.Point est.	1.55278325175548	2.39448890473641	1.15268166862729	1.15294809902604
CAout33TL.Upper C.I.	2.85928913840332	5.3009229209326	1.44631274047277	1.44698512619375
BBout21FL.Mean	159.727381871341	6.46792885065796	0.16585527548536	165.195746666667
BBout21FL.SD	23.6667861893249	7.50071839072529	0.227670574312896	227.952836974878
BBout21FL.Naive SE	0.0432094421984833	0.013694375533647	0.000415667697437765	0.416183036194795
BBout21FL.Time-series SE	2.39942087054604	0.688395141037611	0.0304778640173166	30.2683881125373
BBout21FL.2.5%	119.831526753343	0.0187713392184113	0.00234440191629429	2
BBout21FL.25%	134.24288426667	0.32060231952868	0.0132189496251646	12
BBout21FL.50%	168.336253504539	2.22022738971781	0.0607783628595732	60
BBout21FL.75%	178.382455280134	13.2570997348466	0.229030772601448	228
BBout21FL.97.5%	194.406310959173	21.7312140636216	0.844712855757974	845
BBout21FL.Point est.	4.09769451175023	3.70398193355651	1.19138272961432	1.19201008130093
BBout21FL.Upper C.I.	8.60184581281004	7.82353299919961	1.54534480968676	1.54819700458795
BBout22FL.Mean	126.61902363705	8.3042636156546	0.534879719877275	534.95225
BBout22FL.SD	2.55046693228577	3.88264068884848	0.186407279172821	186.148705988178
BBout22FL.Naive SE	0.00465649423661306	0.00708869962656571	0.000340331572287057	0.339859484400408
BBout22FL.Time-series SE	0.533551351673636	0.698416567186963	0.0232401698248798	24.6318227116612
BBout22FL.2.5%	120.732803151113	2.5029326132393	0.292368732844968	295
BBout22FL.25%	124.690532127597	5.03448179133566	0.391236014597295	391
BBout22FL.50%	127.235083260938	7.49270547630882	0.483916156989271	483
BBout22FL.75%	128.004884875613	12.4981254653144	0.640768536537481	640
BBout22FL.97.5%	131.542448604555	14.82029777023	0.970912854351741	972
BBout22FL.Point est.	4.95181617275922	10.6538143786546	1.83358174656889	1.8414385054629
BBout22FL.Upper C.I.	14.0499096064459	20.8761598480095	4.0146693512978	4.07612742121024
BBout23FL.Mean	143.773276228132	5.8422286180546	0.336738655094774	336.436956666667
BBout23FL.SD	18.9199757392445	5.59730250612607	0.291793659815027	292.113117871228
BBout23FL.Naive SE	0.0345429916661156	0.0102192294792848	0.000532739898725596	0.533323146670791
BBout23FL.Time-series SE	2.11758635796064	1.0743104692387	0.0229243723821072	23.2349796989509
BBout23FL.2.5%	120.814078567044	0.0446838231366406	0.00337296437199477	3
BBout23FL.25%	127.864656250727	0.95217601555213	0.0753112324097892	75
BBout23FL.50%	136.382095167003	4.07716446198856	0.257072388521032	257
BBout23FL.75%	162.386522811022	10.0487730535824	0.552636847283129	553
BBout23FL.97.5%	177.805702559133	18.2001467631813	0.950870137004145	951
BBout23FL.Point est.	4.08621992610893	1.40728707851648	1.27569686226154	1.27612240076634
BBout23FL.Upper C.I.	9.0240940424063	2.34231736065541	1.7663007245875	1.7672817482633
COout11FL.Mean	123.935588346561	20.8765738448519	0.513396876514498	513.432863333333
COout11FL.SD	8.21496984121362	17.455212285145	0.294564577397337	294.88683318659
COout11FL.Naive SE	0.0149984143041911	0.031868711715384	0.000537798878941659	0.538387234825195
COout11FL.Time-series SE	2.25801938059243	1.58127716715251	0.0302465821599783	30.6570042127571
COout11FL.2.5%	114.269874788169	1.28192362458601	0.015717273146963	15
COout11FL.25%	118.688181606745	7.50407568346095	0.269955612997598	270
COout11FL.50%	122.214749030355	12.2807840022929	0.518464577953049	518
COout11FL.75%	125.909979246896	40.3479291012004	0.773020629058515	773
COout11FL.97.5%	147.311283381761	53.6110890660676	0.979461279338542	980
COout11FL.Point est.	2.64381485577588	7.8922542142252	1.00620016956971	1.00619980435214
COout11FL.Upper C.I.	4.83704106181397	16.8683358359975	1.02169478934619	1.02167121720176
COout12FL.Mean	122.563761648968	16.4966012429588	0.379626809091835	379.38125
COout12FL.SD	1.87873404905108	3.60529226899799	0.12250493920017	121.840532071591
COout12FL.Naive SE	0.00343008339406098	0.00658233300709728	0.00022366239535244	0.222449359446806
COout12FL.Time-series SE	0.595139185676658	0.744784808463885	0.011041718402616	11.9751209855763
COout12FL.2.5%	119.253781317799	11.1857199366124	0.210104844911128	213
COout12FL.25%	121.201279611909	12.4180393210627	0.283630975050676	284
COout12FL.50%	122.412797586465	17.2244700157365	0.347544938920468	346
COout12FL.75%	124.259449793426	19.2839022936674	0.465712587983187	466
COout12FL.97.5%	125.663924652572	22.8151623069648	0.648404965789404	647
COout12FL.Point est.	4.77449204625695	4.50915769152082	2.15649390349416	2.18511400579745
COout12FL.Upper C.I.	9.16851426806416	12.2372542251204	4.25132197263532	4.3659809992345
COout13FL.Mean	119.557161219645	28.0750207350463	0.601832656557671	602.001736666667
COout13FL.SD	4.03978841233523	20.2393758121392	0.251021282316322	251.155532006208
COout13FL.Naive SE	0.00737561080327996	0.0369518756071102	0.000458300062461741	0.458545167740037
COout13FL.Time-series SE	0.574302092743405	8.7307011202032	0.0202658737929502	20.411239285541
COout13FL.2.5%	113.002259890324	3.53185190481461	0.118820730928936	119
COout13FL.25%	116.615255229662	13.1849706964508	0.404011905132885	404
COout13FL.50%	119.194333704614	21.3438312012025	0.625701566561028	626
COout13FL.75%	122.021053009859	36.3606301705693	0.817026104050933	818
COout13FL.97.5%	128.94936068253	73.5954226954112	0.981276946588379	982
COout13FL.Point est.	2.01713928300128	6.90796887549467	1.1519051198814	1.15219037030541
COout13FL.Upper C.I.	3.93816708533763	13.3889778637576	1.4631813668934	1.46400652845792
COout21FL.Mean	121.4036061535	19.7459692669837	0.520912948872828	521.00384
COout21FL.SD	4.18405969173083	9.78576034389309	0.279146241883585	279.397919681911
COout21FL.Naive SE	0.0076390129170303	0.0178662722756325	0.000509648978408109	0.510108477099331
COout21FL.Time-series SE	0.690201130969244	4.29169150868983	0.0299600970226744	29.5113066099139
COout21FL.2.5%	114.166423841025	6.51385440363531	0.0980588548213007	99
COout21FL.25%	118.452341177457	13.4181730131196	0.263510803736788	263
COout21FL.50%	120.822256070238	16.4111449219607	0.50501241542148	505
COout21FL.75%	124.298527239065	23.8908714739146	0.771275170534186	772
COout21FL.97.5%	129.914487794286	44.9822306632835	0.978526391467598	979
COout21FL.Point est.	1.5720965213733	2.5459194253433	1.11718117396469	1.11733750565506
COout21FL.Upper C.I.	2.43851283508385	6.69321878854771	1.3568216194383	1.35722646615801
COout22FL.Mean	123.295386920737	15.8827584934273	0.416357815066202	416.189550000001
COout22FL.SD	3.52359303339761	2.53629727983065	0.293394870509383	293.703247523964
COout22FL.Naive SE	0.00643317129286641	0.00463062410900746	0.000535663296114321	0.536226312937995
COout22FL.Time-series SE	0.250317464455685	0.338350142794082	0.00459462117947016	4.99461734337577
COout22FL.2.5%	117.376084662631	11.3969607120704	0.120159658904691	124
COout22FL.25%	119.021099675568	13.5602435921481	0.168204192692696	166
COout22FL.50%	125.16968447783	16.623967317146	0.276296492076863	275
COout22FL.75%	126.239945072343	17.8658166723308	0.718228711500444	719
COout22FL.97.5%	127.088062773068	19.5640687173286	0.972163401901099	973
COout22FL.Point est.	7.86219646549816	6.50181995127156	6.60088475596934	6.67870239994475
COout22FL.Upper C.I.	16.1371665973557	12.7044463296942	21.5741304568797	22.543998473733
COout23FL.Mean	117.519358331325	82.8411061174493	0.433757471977712	433.63573
COout23FL.SD	6.44731043740916	45.6321629570284	0.305575556894954	305.92724541787
COout23FL.Naive SE	0.0117711245393583	0.0833125499977204	0.000557902085111898	0.558544177569287
COout23FL.Time-series SE	1.37834958328179	3.08174553895075	0.0358079960286184	36.132771448598
COout23FL.2.5%	109.536594640547	24.1466147530719	0.0113100313432772	11
COout23FL.25%	113.45971670726	51.6927725261429	0.148637367165356	148
COout23FL.50%	115.636791518265	61.4458501209721	0.4079781654532	408
COout23FL.75%	119.947596425679	140.318693134734	0.697062916778431	697
COout23FL.97.5%	135.991306062278	155.63332115533	0.975239376347893	976
COout23FL.Point est.	1.67200283052991	10.8429514042109	1.17134111863848	1.17149608177288
COout23FL.Upper C.I.	3.37025258698205	20.9566254697411	1.49672386523111	1.49712221925368
COout31FL.Mean	122.721229748814	12.9833303307475	0.566882064014833	566.967383333333
COout31FL.SD	3.64104275997372	5.36564833939359	0.266323821018693	266.533238989145
COout31FL.Naive SE	0.00664760417492825	0.00979628877042002	0.000486238547909688	0.486620891064234
COout31FL.Time-series SE	0.510185643953087	1.84000435693877	0.0264665503321117	26.5503488735674
COout31FL.2.5%	117.227490712525	3.16068222470742	0.12105039036893	121
COout31FL.25%	119.936008206279	9.01509862134916	0.327318150011965	327
COout31FL.50%	122.26546454753	12.6361834242662	0.578869818980666	579
COout31FL.75%	125.07443570411	17.1066260890989	0.804750187039814	805
COout31FL.97.5%	131.178031625936	23.2859500136626	0.980975579442831	982
COout31FL.Point est.	1.02701729468272	1.68981779583982	1.06494800316423	1.06507562739936
COout31FL.Upper C.I.	1.0545975783559	2.95373729156294	1.19668583004686	1.19703598829703
COout32FL.Mean	151.016982037644	1.7762723723848	0.142492564125739	141.831746666667
COout32FL.SD	5.31779613901062	1.43920343007323	0.155111361574122	155.158925100865
COout32FL.Naive SE	0.00970892300516664	0.0026276139449664	0.000283193305531622	0.283280144253328
COout32FL.Time-series SE	0.365882982100335	0.223613776295258	0.0109953923240038	11.146081079365
COout32FL.2.5%	142.976736289145	0.119084105321187	0.00734635489717563	9
COout32FL.25%	144.71012079384	0.540944360648799	0.017742766872153	15
COout32FL.50%	152.21458299419	1.25502055785642	0.100521195077157	100
COout32FL.75%	156.090854655811	2.96057088587421	0.198055939549919	198
COout32FL.97.5%	158.230006062377	4.70951096403434	0.605007824612471	605
COout32FL.Point est.	8.68190662602917	4.19892384735004	1.90187693056635	1.90581910746072
COout32FL.Upper C.I.	17.9935989686062	8.8340955549008	6.51042295661392	6.57085595040981
COout33FL.Mean	118.354899432068	57.4584750523638	0.45917046969455	459.066686666667
COout33FL.SD	6.01493320836359	29.4792078136619	0.297042106576564	297.366562201933
COout33FL.Naive SE	0.0109817153336922	0.0538214236564173	0.00054232220766946	0.542914579885873
COout33FL.Time-series SE	1.34175177331551	3.71246320037765	0.0322245876841895	31.8071974792454
COout33FL.2.5%	110.982654895127	6.67288040787326	0.0310457747018815	31
COout33FL.25%	114.149262612483	29.3706007977405	0.182340153213148	182
COout33FL.50%	116.867249796396	58.8943329205195	0.43397231700787	434
COout33FL.75%	120.717967244159	79.4649447078415	0.721518564819502	722
COout33FL.97.5%	135.576678527961	109.505822625046	0.972055749700264	973
COout33FL.Point est.	1.93808815130326	9.05224270514229	1.03273023411539	1.03283576209862
COout33FL.Upper C.I.	4.56208801681005	17.8802477535571	1.10339827692761	1.10370334703527
COout11TL.Mean	120.285233903354	25.6331590389346	0.528762511681746	528.854773333333
COout11TL.SD	4.44497929537873	12.351875243426	0.272144706555306	272.350697714467
COout11TL.Naive SE	0.00811538475907449	0.0225513356610468	0.000496865982286551	0.497242068968281
COout11TL.Time-series SE	0.671957924939225	1.74572445000455	0.0271154275350462	27.4347209218034
COout11TL.2.5%	113.801873171718	5.21645620484849	0.0834665156830137	83
COout11TL.25%	116.981022941824	15.4277300274549	0.290459191400085	290
COout11TL.50%	119.5250791291	26.6087887892146	0.516313724663575	516
COout11TL.75%	122.909857275567	35.8379349402582	0.773301225218277	774
COout11TL.97.5%	131.581046058017	49.7858245743895	0.975998213949283	977
COout11TL.Point est.	2.16193618865743	4.64491645216105	1.12766162410314	1.12800095549733
COout11TL.Upper C.I.	3.88797880019189	11.8661451309438	1.39170238262639	1.39262420844542
COout21TL.Mean	116.688971498651	41.1082254175205	0.609794006022543	609.95815
COout21TL.SD	2.81246712669473	9.32004213617213	0.261342153617218	261.534511233692
COout21TL.Naive SE	0.00513483895844149	0.0170159910496004	0.000477143309210436	0.477494504562604
COout21TL.Time-series SE	0.362113968319564	5.02525117212884	0.0224595047372185	22.7527936917381
COout21TL.2.5%	112.946242601073	19.9336292797645	0.113839160538936	115
COout21TL.25%	114.579865857053	35.3874299699786	0.39705324925699	397
COout21TL.50%	116.01033831632	41.1661303279888	0.646387343197681	646
COout21TL.75%	118.321354138267	47.4268696546043	0.837125482736199	838
COout21TL.97.5%	123.143360344991	58.4025969518102	0.984850881763868	985
COout21TL.Point est.	1.21829683140985	3.66997951544343	1.05786420960296	1.05797037092219
COout21TL.Upper C.I.	1.63083191141111	7.84666002017834	1.17091675033741	1.17121150558408
COout23TL.Mean	115.729769706017	59.2669878724683	0.574755502137202	574.930253333333
COout23TL.SD	3.44412343960944	25.5655056402501	0.249076170010581	249.22724576071
COout23TL.Naive SE	0.00628808032902124	0.0466760137773018	0.000454748789505957	0.455024614826748
COout23TL.Time-series SE	0.342641390535968	3.19942369463217	0.0200015413158618	20.5469147345939
COout23TL.2.5%	111.31049784804	22.1504437182659	0.127041861328679	128
COout23TL.25%	113.132926428644	36.8282752110396	0.368636611710851	368
COout23TL.50%	115.127063852954	60.9788450708059	0.579904159837583	580
COout23TL.75%	117.320914571866	80.6352657992242	0.789221668895528	790
COout23TL.97.5%	124.286708069238	118.304878594101	0.976022759236755	976
COout23TL.Point est.	1.66317793385017	4.43066170263746	1.00577089679402	1.00580767169656
COout23TL.Upper C.I.	2.68371004826359	11.3350962901544	1.02037071318088	1.0205002280685
COout31TL.Mean	124.047721392512	14.5163667943412	0.539222040755522	539.277103333333
COout31TL.SD	6.27990207069251	9.1744874299736	0.275112448305371	275.363725644853
COout31TL.Naive SE	0.0114654800768056	0.0167502457298138	0.000502284312624418	0.502743080181166
COout31TL.Time-series SE	0.885386667281716	1.19714428090303	0.0275569535573604	27.6783831077952
COout31TL.2.5%	115.71681840072	0.75901981596081	0.0739244179828046	74
COout31TL.25%	119.117556826405	7.60676760977015	0.311049002656052	311
COout31TL.50%	122.328057639209	13.2392077797852	0.549770456157651	550
COout31TL.75%	128.448612232572	22.810637697863	0.774057202238803	774
COout31TL.97.5%	138.768686033698	31.9274748754488	0.978414801190875	979
COout31TL.Point est.	2.14915643441103	3.8550242219475	1.13399191664037	1.13418475729901
COout31TL.Upper C.I.	4.13377459630447	9.38509079666131	1.39168638175929	1.3921903855151
COout33TL.Mean	119.648095565968	35.2235151087342	0.483286257471673	483.286266666667
COout33TL.SD	5.78514585208446	12.9694441912726	0.302874148054689	303.200388466628
COout33TL.Naive SE	0.0105621829388137	0.0236788571395479	0.000552970009915709	0.553565640691671
COout33TL.Time-series SE	1.39152159479768	4.32123184696898	0.0345425002175177	34.2651329494951
COout33TL.2.5%	113.104634213109	11.5121402653677	0.0449512572967299	45
COout33TL.25%	115.285039621016	27.1444369828564	0.197324171298694	197
COout33TL.50%	117.733969170637	34.7162790001904	0.476709145478855	477
COout33TL.75%	122.299426408856	43.465164860591	0.758365944787315	758
COout33TL.97.5%	134.199197985048	63.6787976830466	0.977174192435645	978
COout33TL.Point est.	2.10183007049118	2.44455739483483	1.62196051748495	1.62332937036062
COout33TL.Upper C.I.	6.70048443848314	5.09286914886434	2.58792882769808	2.59167349717555
COout32TL.Mean	150.689806395965	0.934387651637053	0.305042628305343	304.658166666667
COout32TL.SD	4.84607145389992	1.18766000744767	0.273051106743955	273.328406057678
COout32TL.Naive SE	0.0088476755019428	0.00216836058908615	0.000498520835051384	0.499027112015739
COout32TL.Time-series SE	0.299920724107891	0.409427298194277	0.0225948197099694	22.7075026481046
COout32TL.2.5%	145.231903531313	0.0465626256778781	0.0258152934142941	26
COout32TL.25%	146.911043887673	0.193155068484394	0.078545114659937	78
COout32TL.50%	148.233868416413	0.429946192974473	0.198645144470934	198
COout32TL.75%	156.286960043857	0.953128290316329	0.483683164191118	483
COout32TL.97.5%	159.085167866658	4.19698716118641	0.932537607428112	933
COout32TL.Point est.	9.96714986216918	1.21500808066503	1.20618979685042	1.20663432016124
COout32TL.Upper C.I.	24.4809426277427	1.66542357828816	1.58659290786356	1.58774894670308
LYout11FL.Mean	118.564579568476	28.6747584903248	0.512668502766658	512.711713333333
LYout11FL.SD	4.06042325370308	7.91982477667814	0.269519777684845	269.758299290182
LYout11FL.Naive SE	0.00741328469690566	0.0144595556055831	0.000492073539772557	0.492509018651541
LYout11FL.Time-series SE	0.693745515124589	1.40845133639188	0.0255384472766312	25.8340992753129
LYout11FL.2.5%	113.72819383147	12.4138862275584	0.0546039576961534	54
LYout11FL.25%	115.713057275149	22.954538408788	0.283330734325911	283
LYout11FL.50%	117.435706914354	28.2418085790009	0.516196005363941	516
LYout11FL.75%	120.077529501839	34.703303121071	0.734592526835727	735
LYout11FL.97.5%	129.601967611139	43.6346618121614	0.971102782358732	971
LYout11FL.Point est.	1.4602547920175	3.94642838551335	1.02454198041239	1.02465738944935
LYout11FL.Upper C.I.	2.4485491273871	7.49967157925452	1.07086031206213	1.07117742372261
LYout12FL.Mean	118.411101043627	17.7166095814979	0.69887347811592	699.26291
LYout12FL.SD	1.81053557257795	5.22512505246187	0.17365188198196	173.434698970481
LYout12FL.Naive SE	0.00330557058088824	0.00953972952339577	0.000317043509715815	0.316646989600834
LYout12FL.Time-series SE	0.399034857330828	0.310088827173666	0.0111118115365619	11.3488673341829
LYout12FL.2.5%	115.791123018125	9.06519016218257	0.351131602324285	352
LYout12FL.25%	116.859033608593	11.6938301714643	0.569846053590393	570
LYout12FL.50%	118.167358672007	20.1826004783533	0.708427796089499	708
LYout12FL.75%	119.933054059111	21.8559140703553	0.839260816817307	840
LYout12FL.97.5%	121.801412036501	23.8021532308164	0.980210890773393	981
LYout12FL.Point est.	1.79028715091365	20.3503305877147	1.29041036380447	1.29195201368472
LYout12FL.Upper C.I.	3.37650737324333	40.5882597451804	1.91606892143087	1.92153159133712
LYout13FL.Mean	124.411206647184	25.1110820222133	0.485989229999832	485.97715
LYout13FL.SD	12.7891978437368	18.1825002042276	0.293110873478091	293.402598258479
LYout13FL.Naive SE	0.0233497738380369	0.0331965517123258	0.000535144790846645	0.535677404989316
LYout13FL.Time-series SE	1.73092987184154	2.83762227935451	0.0188219028326456	19.0577328923688
LYout13FL.2.5%	112.747323155659	0.21683220544835	0.0286855773575199	28
LYout13FL.25%	115.142450975005	4.07762470202634	0.215141392931269	214
LYout13FL.50%	117.651928496788	28.0490412884132	0.486111622616613	486
LYout13FL.75%	133.664629317682	40.6723336316459	0.743402756281025	744
LYout13FL.97.5%	155.874844525778	56.5086677108132	0.971236853485941	972
LYout13FL.Point est.	5.28363609327875	3.70798365417551	1.80703690250316	1.80841682914242
LYout13FL.Upper C.I.	16.2367708473594	8.55030315160578	3.11862663092376	3.12175643393755
LYout21FL.Mean	122.129381412835	26.0181213917657	0.401160213946776	401.002396666667
LYout21FL.SD	6.93843907990867	13.6335747341173	0.29487977036098	295.2102502645
LYout21FL.Naive SE	0.0126677986598046	0.0248913880710285	0.000538374339928839	0.538977710922041
LYout21FL.Time-series SE	1.32262851047725	2.96295664836651	0.0349875589181587	35.4334800424815
LYout21FL.2.5%	113.062655055311	4.62060681083408	0.0232073685665978	23
LYout21FL.25%	116.719808425892	15.9516088515559	0.109657620035769	108
LYout21FL.50%	119.851330792008	22.6476226832326	0.378473714766947	379
LYout21FL.75%	127.096137703539	36.3467774002758	0.642460895594646	642
LYout21FL.97.5%	137.379812415391	52.6344291895761	0.956906656433529	957
LYout21FL.Point est.	1.27667544506032	3.22661508833795	1.13058653656526	1.13091389180985
LYout21FL.Upper C.I.	1.84938942282768	7.5124040588127	1.38173962571614	1.38259024379782
LYout22FL.Mean	120.257028906079	14.1132230697925	0.587859374100028	588.059973333333
LYout22FL.SD	1.27284449857232	4.75885797505972	0.147079734861442	146.620673583022
LYout22FL.Naive SE	0.00232388548021471	0.00868844620301189	0.000268529628451635	0.267691501060076
LYout22FL.Time-series SE	0.188033993689665	0.364984955782935	0.0056597008544079	5.84307291462355
LYout22FL.2.5%	117.856801689966	7.81177187741238	0.336414793515778	338
LYout22FL.25%	119.18283062808	9.4819099293572	0.48278829347331	483
LYout22FL.50%	120.394830628309	13.5750428771501	0.574450498866984	575
LYout22FL.75%	121.22381873276	19.7890440143025	0.678662212329605	678
LYout22FL.97.5%	122.725780696155	21.5069356687529	0.918820443131883	919
LYout22FL.Point est.	3.01802179780681	14.262219643241	2.35128505103557	2.37479316395517
LYout22FL.Upper C.I.	5.74661046787093	27.5252803869083	4.43622590419794	4.51376156648639
LYout23FL.Mean	126.502434423957	21.1014196939429	0.392200244104875	391.977593333334
LYout23FL.SD	10.5662992665199	17.6449719390012	0.315245991842142	315.64233468419
LYout23FL.Naive SE	0.0192913348587441	0.0322151638584554	0.000575557802983436	0.57628142270042
LYout23FL.Time-series SE	1.7077291239923	8.96238425076949	0.0256112499988717	26.0525930124121
LYout23FL.2.5%	112.716125418299	0.175067275970515	0.0163364397931122	16
LYout23FL.25%	118.747047180132	6.95887261104514	0.0893884139072314	88
LYout23FL.50%	124.045582118689	18.109678371764	0.321796141045293	322
LYout23FL.75%	130.879886676792	30.4876475534512	0.673339986947242	674
LYout23FL.97.5%	151.417317717686	65.0304972808693	0.964861667499283	965
LYout23FL.Point est.	2.12413311775894	1.12860611432528	2.21662376762229	2.21909533810372
LYout23FL.Upper C.I.	3.63821032935829	1.40647696490322	4.62631194966966	4.63451348443444
LYout31FL.Mean	123.98120830537	17.2072508091148	0.433089756570854	432.947166666667
LYout31FL.SD	7.85672567089357	5.83486959461917	0.305503082562837	305.865559858861
LYout31FL.Naive SE	0.0143443529269277	0.0106529656569131	0.000557769765690097	0.55843155566215
LYout31FL.Time-series SE	2.415236499721	2.1722757681626	0.0388794610100707	39.4665653921683
LYout31FL.2.5%	116.056408160951	4.41566074617246	0.00359412734036736	3
LYout31FL.25%	118.720807577096	13.6013591568397	0.161271688656431	161
LYout31FL.50%	121.800849556605	17.2204290397188	0.394570725178684	394
LYout31FL.75%	126.393231515808	21.0569226228965	0.701782680779487	702
LYout31FL.97.5%	148.959645315458	27.9938659013636	0.970174462898441	971
LYout31FL.Point est.	2.10929370418617	1.65110414986258	1.44784914522179	1.4485072161683
LYout31FL.Upper C.I.	5.28025403292377	2.89616278862347	2.18335008774385	2.18463905164053
LYout32FL.Mean	150.839202690867	0.810980380476186	0.236335950585816	235.790206666667
LYout32FL.SD	5.21985328865279	0.7136912272682	0.245725615914632	245.947940903604
LYout32FL.Naive SE	0.00953010464354219	0.00130301594756113	0.000448631542644315	0.449037450682838
LYout32FL.Time-series SE	0.222991392118443	0.206844731938453	0.0231759136794028	23.668812724292
LYout32FL.2.5%	144.094550597875	0.0468562848690827	0.0237452894229351	25
LYout32FL.25%	146.325395211445	0.213423157215979	0.051795764854202	51
LYout32FL.50%	149.352301752791	0.582688564244461	0.134788886900059	134
LYout32FL.75%	157.191362201356	1.21238775402318	0.340539020471767	340
LYout32FL.97.5%	158.885236867407	2.41337500685239	0.904728177256206	905
LYout32FL.Point est.	10.958321637841	1.57711737742723	1.14886462845268	1.14913917910807
LYout32FL.Upper C.I.	21.8042316547657	2.81148038911876	1.43764316699255	1.43844762808615
LYout33FL.Mean	117.040435446683	55.9237411858918	0.445375593595882	445.286283333333
LYout33FL.SD	4.74912181847228	19.582674916275	0.281792404946678	282.053766954006
LYout33FL.Naive SE	0.00867067049439075	0.0357529092931147	0.000514480189076419	0.51495736863338
LYout33FL.Time-series SE	1.05727593046561	1.48037250855102	0.0291409066357422	29.0901471684991
LYout33FL.2.5%	111.276201238425	22.9163586724805	0.021750138057978	21
LYout33FL.25%	113.647645448293	35.0161914631947	0.211386879317906	211
LYout33FL.50%	115.680047299756	61.94901682347	0.408921585386404	409
LYout33FL.75%	119.497444075297	71.9971813264362	0.678523667531658	679
LYout33FL.97.5%	129.717839678008	85.6441997325332	0.957919535209875	958
LYout33FL.Point est.	1.33135258299199	6.48955265791176	1.09725770642595	1.09743521296672
LYout33FL.Upper C.I.	2.18122674550818	13.6094132856585	1.2817568023914	1.2822467367932
LYout13TL.Mean	125.213684481395	15.4706757524897	0.416700740831435	416.51972
LYout13TL.SD	6.43278776416523	10.427088238887	0.296246796380497	296.551489402894
LYout13TL.Naive SE	0.0117446098869217	0.0190371714584507	0.000540870176554126	0.541426467359063
LYout13TL.Time-series SE	1.28217671017629	3.36290799572109	0.0312196777159515	31.8563130025407
LYout13TL.2.5%	114.864154363255	0.797437544900973	0.0308204838082092	31
LYout13TL.25%	120.020433694619	5.84100594975815	0.143565750973986	143
LYout13TL.50%	124.489481244046	14.8854957847361	0.360126058057256	360
LYout13TL.75%	130.178386636337	23.8770518323278	0.664176595470605	664
LYout13TL.97.5%	137.422830148988	35.0140313039123	0.971564955445291	972
LYout13TL.Point est.	2.87362183131973	3.96928296312189	1.08001467222472	1.08012988135012
LYout13TL.Upper C.I.	6.30519557014017	9.01535948203457	1.2524603347352	1.25277619874008
LYout21TL.Mean	118.109363642834	32.8577288094538	0.592834233537863	593.00986
LYout21TL.SD	4.95490312323309	18.6883380789448	0.251705467422426	251.821665952883
LYout21TL.Naive SE	0.00904637403615854	0.0341200810937361	0.000459549207848815	0.459761356369748
LYout21TL.Time-series SE	0.335829000543196	0.961453387813454	0.0220462392677659	22.3644567007331
LYout21TL.2.5%	112.179415263899	2.96776339803277	0.12017135324534	120
LYout21TL.25%	114.215559566991	11.8463610591563	0.395630124648931	396
LYout21TL.50%	116.415982017554	37.4629837019343	0.602771480047468	603
LYout21TL.75%	121.073624806984	51.0250818623133	0.810888517284224	811
LYout21TL.97.5%	129.560000851002	57.8850022254981	0.984209470778607	985
LYout21TL.Point est.	3.64668327009327	9.62283759866335	1.08521938350387	1.08537352429797
LYout21TL.Upper C.I.	8.13625095236397	21.6221114806159	1.25380076753112	1.25419020487355
LYout23TL.Mean	117.368559737647	36.3548135947381	0.55284470224604	552.893163333333
LYout23TL.SD	4.09301456406806	15.6664258392811	0.254856271549165	255.016656385899
LYout23TL.Naive SE	0.00747278801645751	0.0286028494255201	0.000465301762830466	0.465594584140335
LYout23TL.Time-series SE	0.528548113230536	2.23902878428936	0.022200230877036	22.3084283286337
LYout23TL.2.5%	112.339995028768	6.30378765257057	0.0728016402501254	73
LYout23TL.25%	114.498730766922	22.8297679465757	0.347348195557086	347
LYout23TL.50%	116.299144362704	36.9738705738621	0.546213911485811	546
LYout23TL.75%	119.344115350886	50.0763251940873	0.770904152872844	771
LYout23TL.97.5%	128.988158333652	61.9690439273332	0.977744180802952	978
LYout23TL.Point est.	1.62287279598339	2.99000008790579	1.10716078460437	1.10749717344901
LYout23TL.Upper C.I.	4.10297580169143	5.6970322877692	1.32543998357251	1.32637226243466
LYout31TL.Mean	127.444105678357	21.6972379229155	0.408999552511862	408.833963333333
LYout31TL.SD	14.1863597434178	16.4959986474717	0.301752815720919	302.119858935472
LYout31TL.Naive SE	0.0259006308011771	0.0301174352259833	0.000550922746536823	0.551592872697455
LYout31TL.Time-series SE	1.41448353568075	2.65594232048733	0.0274269316530136	27.7050611580812
LYout31TL.2.5%	113.563959657023	0.138098180943033	0.0106086373923019	10
LYout31TL.25%	116.445846338393	4.09020955369438	0.135576942078302	135
LYout31TL.50%	120.38576402921	21.7386964325411	0.365371551460047	365
LYout31TL.75%	138.667440618948	33.8278029482714	0.661301130440916	661
LYout31TL.97.5%	156.97722353768	52.7667088009962	0.968635300437727	969
LYout31TL.Point est.	3.3012567798006	4.50419007074176	1.14117670206487	1.14146085386077
LYout31TL.Upper C.I.	10.7886121733368	17.9433207785125	1.42253888480573	1.42336012993934
MOout11TL.Mean	120.503569998798	20.868723960702	0.356434410986726	356.167313333333
MOout11TL.SD	11.3266250008232	11.3927623490365	0.332506148464125	332.943948813949
MOout11TL.Naive SE	0.0206794933778428	0.0208002431028761	0.000607070393409876	0.60786970383415
MOout11TL.Time-series SE	4.39043013847409	4.10689717840856	0.0330695824638242	33.4425656219815
MOout11TL.2.5%	108.91965262178	2.86963786129669	0.00270182240056645	2
MOout11TL.25%	112.512609159024	11.6256709634042	0.0261487294333634	25
MOout11TL.50%	115.377451347383	18.8866355882417	0.267431809092291	267
MOout11TL.75%	125.584801940308	30.8834513011298	0.659893936128869	660
MOout11TL.97.5%	147.415922110078	41.8941465522466	0.969375243642841	970
MOout11TL.Point est.	1.52495936943362	4.45088644770904	1.83735415899508	1.83898863712817
MOout11TL.Upper C.I.	2.68050512230094	8.41901594218244	3.18648718058202	3.19082392940703
MOout13TL.Mean	123.518707596852	13.3718520751955	0.46581300157381	465.722266666667
MOout13TL.SD	17.6049636198148	12.4782780553294	0.287885329949122	288.176912093893
MOout13TL.Naive SE	0.0321421189954346	0.0227821145657521	0.000525604297293173	0.526136651020028
MOout13TL.Time-series SE	6.46885366915896	3.31488630855659	0.0197188083860194	19.8386402542927
MOout13TL.2.5%	108.808575944975	0.00914766685590336	0.00910571930010179	8
MOout13TL.25%	112.964345892382	3.52705049194274	0.217513153189213	217
MOout13TL.50%	116.091169289035	9.69567059989434	0.449097685068245	449
MOout13TL.75%	122.073459733025	19.3437951644504	0.706959231566411	707
MOout13TL.97.5%	168.749119433274	44.6392428277976	0.972420444263038	973
MOout13TL.Point est.	7.78665539822638	2.00888517439783	1.4050092828005	1.40573976207805
MOout13TL.Upper C.I.	21.6765486210073	4.57277773368212	2.05038793384187	2.05216193194916
MOout21TL.Mean	120.932526174967	6.99489569131707	0.496552869541366	496.570463333333
MOout21TL.SD	7.16209521784468	6.22129425734921	0.284433891111441	284.683119057862
MOout21TL.Naive SE	0.0130761370327114	0.0113584773387584	0.000519302860935682	0.519757886829733
MOout21TL.Time-series SE	0.873527781238907	1.42455683776561	0.0184815850990027	18.7166171169532
MOout21TL.2.5%	110.545877348061	0.289646315572583	0.0525682500607994	53
MOout21TL.25%	114.726063013943	2.13280111289107	0.238749764442245	238
MOout21TL.50%	120.1077959604	4.91266505929472	0.48393247180601	484
MOout21TL.75%	125.938528294451	10.0118610659088	0.748876603894985	749
MOout21TL.97.5%	136.25697391555	22.1078270895477	0.970819942878289	971
MOout21TL.Point est.	2.17587313080596	4.5514444274164	1.15158976093875	1.15181745003513
MOout21TL.Upper C.I.	5.09648298499721	11.2344630564991	1.45406135366623	1.4547169272233
MOout23TL.Mean	114.205683376241	22.1427010193536	0.491582659346568	491.584433333333
MOout23TL.SD	4.33788278528193	10.6373596188846	0.274872673767507	275.088540564723
MOout23TL.Naive SE	0.0079198541777075	0.0194210727185255	0.000501846546214073	0.50224066326158
MOout23TL.Time-series SE	0.549652468330109	1.78097567477453	0.0175371141965473	17.6998862686169
MOout23TL.2.5%	108.152424604849	4.68350479151523	0.0427831389082782	42
MOout23TL.25%	110.829740473065	13.9842725221507	0.257297437888335	257
MOout23TL.50%	113.410440267982	21.7705522845463	0.48547017295917	485
MOout23TL.75%	116.652583671995	28.937621687311	0.715756796524588	716
MOout23TL.97.5%	124.887526911963	43.0084753117511	0.972114032486254	972
MOout23TL.Point est.	1.3576297278988	2.73109250846297	1.07395842942107	1.07413222600552
MOout23TL.Upper C.I.	1.94801164918298	4.9201315625562	1.2372158700829	1.2377156750734
MOout31TL.Mean	116.589879891813	18.5615248605459	0.387964096443294	387.729766666667
MOout31TL.SD	4.87035476689596	8.02248546317489	0.287194325572962	287.516113819147
MOout31TL.Naive SE	0.00889201056293911	0.0146469875181272	0.000524342701679314	0.524930203949898
MOout31TL.Time-series SE	0.763333167335385	1.43243798909069	0.0244994414450272	24.5232739648406
MOout31TL.2.5%	109.315124001351	3.1889069794734	0.0243250926792047	24
MOout31TL.25%	112.7840129808	12.4554089353514	0.122285500446248	121
MOout31TL.50%	115.840037406763	18.151836771554	0.336307341999733	336
MOout31TL.75%	119.876004879827	25.3483331338879	0.611981649372684	612
MOout31TL.97.5%	127.5581621904	32.1989242290757	0.956583643602756	957
MOout31TL.Point est.	1.22450931054544	2.35018270870615	1.08423991323757	1.08442240621564
MOout31TL.Upper C.I.	1.62522917445998	4.50323357804767	1.26574397338938	1.26625500662546
MOout32TL.Mean	149.172259846818	1.98581735604861	0.146411072551113	145.69352
MOout32TL.SD	2.28898591206681	2.36662347765899	0.225695407623744	225.976443007936
MOout32TL.Naive SE	0.00417909739283509	0.00432084354611718	0.000412061552936161	0.412574651000757
MOout32TL.Time-series SE	0.677075962217574	0.244790206195563	0.0120257668522595	12.1262397669526
MOout32TL.2.5%	144.445692410008	0.018192713598385	0.00160265432702128	2
MOout32TL.25%	147.466419832437	0.0954655144194528	0.00635828824296815	5
MOout32TL.50%	149.718377987382	0.636347731883479	0.0347649813124365	34
MOout32TL.75%	151.014114592758	4.11886957306884	0.179829989253081	179
MOout32TL.97.5%	152.413781502863	6.7819351141985	0.826133018022363	827
MOout32TL.Point est.	3.68571430719772	6.48496376991362	1.63619558815126	1.63709683706294
MOout32TL.Upper C.I.	7.00552785518725	13.7432273347648	5.59680925800494	5.60779252691198
MOout33TL.Mean	117.048821905745	18.006916542578	0.468313812090338	468.244516666667
MOout33TL.SD	6.22608436004798	14.1711031954229	0.271500675921551	271.714411292453
MOout33TL.Naive SE	0.0113672228297613	0.0258727762828889	0.000495690148600445	0.496080374213709
MOout33TL.Time-series SE	1.64093259336949	5.26848729774087	0.0183341640922626	18.5195715801084
MOout33TL.2.5%	108.090224631033	0.573367661471044	0.0462450507570636	46
MOout33TL.25%	112.222440948649	4.48675882904883	0.241229906632985	241
MOout33TL.50%	115.804478351016	16.2762819054306	0.437079923642813	437
MOout33TL.75%	120.717143173061	29.3710363039226	0.691291166694524	691
MOout33TL.97.5%	131.654257341366	46.6943119130993	0.966511647066277	967
MOout33TL.Point est.	2.01168469184993	1.6834865549949	1.05644492768662	1.0565728240935
MOout33TL.Upper C.I.	3.57862659195677	3.16133423405311	1.18564184433972	1.1860258241963
MOout11FL.Mean	125.415274703521	17.3135415806516	0.366741637707849	366.45009
MOout11FL.SD	14.2704881865134	17.18647135597	0.297517122550085	297.894993323288
MOout11FL.Naive SE	0.0260542276212147	0.0313780601519372	0.000543189464215701	0.543879358703386
MOout11FL.Time-series SE	3.32882364153105	3.23147454926002	0.0190437762044961	19.1594005356177
MOout11FL.2.5%	107.80161379763	0.0466551983747959	0.00653459012143854	6
MOout11FL.25%	111.41326889643	0.736792771443161	0.0826237163217978	82
MOout11FL.50%	122.223547317544	9.93592296453205	0.314522115414933	314
MOout11FL.75%	139.177116112455	32.8892646267248	0.599055952865962	599
MOout11FL.97.5%	148.567960097323	47.7364043444247	0.958258142810212	959
MOout11FL.Point est.	2.46733702116555	4.09289914737316	1.07919374963385	1.07948346283017
MOout11FL.Upper C.I.	6.94892316788408	8.60176872578746	1.2538795588976	1.25473161281591
MOout12FL.Mean	112.257014047304	20.6593279029758	0.593502506086166	593.67845
MOout12FL.SD	1.25690642815253	2.14200661806546	0.192133052192452	192.01310916804
MOout12FL.Naive SE	0.00229478667790796	0.00391075114346601	0.000350785355760411	0.350566370760126
MOout12FL.Time-series SE	0.229045607982445	0.624979642939913	0.00533120041448581	5.33760916211821
MOout12FL.2.5%	109.725854754998	17.0497147272896	0.267926247879642	269
MOout12FL.25%	111.256923553423	19.1061719821532	0.44401385712347	444
MOout12FL.50%	112.527010838218	20.41500055632	0.578096124276045	578
MOout12FL.75%	113.071037377256	22.3862214662112	0.735254627501257	735
MOout12FL.97.5%	114.433145500385	25.077820219088	0.965179429507127	966
MOout12FL.Point est.	2.72245584736681	3.53228978412357	1.58079285413947	1.58599543278181
MOout12FL.Upper C.I.	5.07229176377754	6.50628688781961	2.47162529081209	2.48447684666804
MOout13FL.Mean	114.078500331057	35.1244274556206	0.47596672663025	475.99695
MOout13FL.SD	5.41462945952574	30.9657539843057	0.278747323415869	279.033905598882
MOout13FL.Naive SE	0.00988571565171418	0.0565354732245324	0.000508920656263531	0.509443881350916
MOout13FL.Time-series SE	0.744182319071425	2.67809582319083	0.0202835834205994	20.3480653861562
MOout13FL.2.5%	105.845796258227	1.98750339743883	0.0472839197629064	47
MOout13FL.25%	109.991928944309	10.7998161445363	0.234819043890284	235
MOout13FL.50%	113.581859275509	20.0289049173864	0.46011969718569	460
MOout13FL.75%	117.308211843889	70.8870838651168	0.708540333550639	709
MOout13FL.97.5%	126.814082363638	93.3645934512407	0.967831007666753	968
MOout13FL.Point est.	1.72799001841666	9.00238657301506	1.02866761144733	1.02877116394034
MOout13FL.Upper C.I.	2.93886142838958	19.0436844047089	1.09483692594011	1.09514798009308
MOout21FL.Mean	118.937762763164	15.0711695339652	0.378558244371175	378.310163333333
MOout21FL.SD	7.58572772232324	8.32614294795103	0.293248759725063	293.593214678562
MOout21FL.Naive SE	0.0138495806286957	0.0152013876986845	0.000535396535539432	0.536025421366351
MOout21FL.Time-series SE	1.47746667805558	3.04176598509569	0.0211102437468235	21.3381995738977
MOout21FL.2.5%	109.731956366706	0.432791094758223	0.0200581653246571	20
MOout21FL.25%	112.959033855815	8.00871102404867	0.111340129614557	111
MOout21FL.50%	116.67094833451	15.3668363664914	0.3088216058527	308
MOout21FL.75%	123.580423718454	22.5796917534911	0.612805160670384	613
MOout21FL.97.5%	137.839706355377	27.7319073591414	0.959939370194592	961
MOout21FL.Point est.	1.20227663128605	2.69979426789824	1.09436759378743	1.09446467362682
MOout21FL.Upper C.I.	1.59605165258826	5.35556036634707	1.29174086773512	1.29200548662351
MOout22FL.Mean	115.06001464289	8.16857127273864	0.759989126924375	760.486986666667
MOout22FL.SD	2.01565592401192	3.9516306133787	0.152056621942493	151.8234423879
MOout22FL.Naive SE	0.00368006739250083	0.00721465741958497	0.000277616139519796	0.277190413846463
MOout22FL.Time-series SE	0.284633649315104	0.756760405720713	0.00451184355399132	4.56291643943065
MOout22FL.2.5%	111.125980819605	3.31117523634288	0.436127149784705	437
MOout22FL.25%	113.520262724163	5.62168924076655	0.654941452844505	656
MOout22FL.50%	115.327558228286	6.55168617179448	0.777131005241821	777
MOout22FL.75%	116.413906594077	11.163492690182	0.883877857370165	884
MOout22FL.97.5%	118.495301946661	16.1310094229194	0.986478764974568	987
MOout22FL.Point est.	5.56736641638242	6.30750575107739	1.00837211971802	1.0084074251977
MOout22FL.Upper C.I.	11.2198532791345	14.1113732757638	1.02891512364811	1.02903943591272
MOout23FL.Mean	114.704949888227	32.5263030599918	0.476250927007895	476.235173333333
MOout23FL.SD	6.62734611987363	27.2815678757894	0.278401533429234	278.636215151533
MOout23FL.Naive SE	0.0120998232208304	0.0498091004322605	0.000508289333010733	0.508717801254524
MOout23FL.Time-series SE	1.11886983385241	3.76111178432349	0.0191285656784568	19.3121387478509
MOout23FL.2.5%	105.717500935479	1.00932228234526	0.0534197452341057	54
MOout23FL.25%	109.489451952795	9.30881129191338	0.2301433641544	230
MOout23FL.50%	113.471167068358	22.7731724867208	0.455527304500844	456
MOout23FL.75%	118.559993590698	57.0584757199123	0.715244578746564	715
MOout23FL.97.5%	130.124451488464	87.1814621129509	0.964124906078159	965
MOout23FL.Point est.	2.53874854568389	6.9645548438678	1.20070516095004	1.20122004735715
MOout23FL.Upper C.I.	4.69494304698062	15.8281700935033	1.56637251199351	1.56765774844676
MOout31FL.Mean	117.556105439049	13.1686709457235	0.459282311264611	459.19257
MOout31FL.SD	5.88066852228099	6.71443874032418	0.278419454398301	278.690734737535
MOout31FL.Naive SE	0.0107365826762129	0.0122588318635404	0.000508322052074102	0.508817339944789
MOout31FL.Time-series SE	0.77943926854409	2.02416611206418	0.0194529208925893	19.9505892138153
MOout31FL.2.5%	110.250902372273	1.16032693359026	0.0144188214309032	14
MOout31FL.25%	112.997004598346	9.29529335369998	0.221240359993812	221
MOout31FL.50%	115.792316186313	13.4160009704185	0.444126888627025	444
MOout31FL.75%	121.113950723116	17.4346396916971	0.689926971514829	690
MOout31FL.97.5%	132.032040569717	26.283493678951	0.960416011650816	961
MOout31FL.Point est.	1.74833577307306	2.28055874749354	1.2654611062104	1.26625003945175
MOout31FL.Upper C.I.	4.37415596405684	4.11530354721186	1.7263164989652	1.72831534661795
MOout32FL.Mean	143.577990329379	2.44314434107656	0.150509348900045	149.807136666667
MOout32FL.SD	3.03940892960139	2.58750353361639	0.243769862637301	244.097132589539
MOout32FL.Naive SE	0.00554917610741771	0.00472411350995341	0.000445060842021285	0.445658352472067
MOout32FL.Time-series SE	0.722675857908886	0.530539264897058	0.0187283444092282	18.835698445645
MOout32FL.2.5%	137.961484761035	0.0314342013918217	0.00219843776557481	3
MOout32FL.25%	141.007458354436	0.233864039710035	0.0103293296895483	10
MOout32FL.50%	143.322467427925	1.53525358927431	0.0321054144587168	31
MOout32FL.75%	146.364129538451	4.1224789139939	0.158584107432943	158
MOout32FL.97.5%	148.188356188367	7.59977826866784	0.889954432994694	890
MOout32FL.Point est.	4.47653725027458	3.51714983671205	1.59783933958016	1.59877647601141
MOout32FL.Upper C.I.	8.54990037238124	9.72826553697777	3.03762038141795	3.04064158276776
MOout33FL.Mean	115.831178759751	31.7117041808714	0.444422514045135	444.285813333333
MOout33FL.SD	7.69826836692225	20.0627153909416	0.311816423859137	312.179174497908
MOout33FL.Naive SE	0.0140550507943059	0.036629339281416	0.000569296297160804	0.569958586186152
MOout33FL.Time-series SE	1.83340991593513	5.1826974233724	0.0258057587347076	26.1340727733507
MOout33FL.2.5%	106.706729318758	0.477211235949308	0.0200369833115516	20
MOout33FL.25%	109.771094547315	15.1930825169363	0.139250435351405	139
MOout33FL.50%	113.041144688309	33.3918028432195	0.423564936195582	423
MOout33FL.75%	121.181760064511	48.0263564468158	0.717982380997759	718
MOout33FL.97.5%	132.817676678217	66.0229226323609	0.97778049131624	978
MOout33FL.Point est.	3.14026942413437	5.88808929202048	1.03035819586532	1.03035435594345
MOout33FL.Upper C.I.	6.26571528678469	13.9760992259084	1.10250790078499	1.10250489813599
WOout11TL.Mean	116.95269175937	33.7562291030423	0.540088684128124	540.16349
WOout11TL.SD	4.04169109881483	21.2387501094403	0.270099175569283	270.33157142951
WOout11TL.Naive SE	0.00737908461762908	0.0387764750938525	0.000493131370742815	0.493555665592539
WOout11TL.Time-series SE	0.484714200792658	4.56121630213969	0.0222959996513292	22.5342233081631
WOout11TL.2.5%	111.045117382518	5.80212906102905	0.0413322332435739	40
WOout11TL.25%	114.035701076069	15.8262599682439	0.329153732253124	329
WOout11TL.50%	116.407209509068	29.5823722182338	0.533631572131765	533
WOout11TL.75%	118.782259371847	49.2181490222893	0.774426224353986	775
WOout11TL.97.5%	127.204314686714	75.2097751794573	0.976384751170008	977
WOout11TL.Point est.	1.22789659660682	11.0346650738358	1.18823927617907	1.18857151484323
WOout11TL.Upper C.I.	1.67069666853681	21.627532635928	1.55546483883333	1.55641338803071
WOout13TL.Mean	116.632880055332	39.9370536898785	0.517702354908325	517.730383333333
WOout13TL.SD	5.31308628073228	20.6565837651731	0.270986022762447	271.210924364669
WOout13TL.Naive SE	0.00970032401976098	0.0377135896306009	0.000494750524785336	0.495161137054522
WOout13TL.Time-series SE	1.02843021808411	3.98453681440077	0.023991429439816	24.3977447215557
WOout13TL.2.5%	110.464770955098	7.69379991126636	0.0143310685675328	13
WOout13TL.25%	113.054703422828	20.2771020671043	0.294290753725363	294
WOout13TL.50%	115.724606694276	41.5072948176812	0.518958375911896	519
WOout13TL.75%	118.540104365143	59.1241721638153	0.741106947341514	741
WOout13TL.97.5%	135.0027389006	73.060114170723	0.972153065196857	973
WOout13TL.Point est.	1.50197786612137	2.86763227600739	1.02969766234339	1.02987451930387
WOout13TL.Upper C.I.	3.04923492801341	5.2459278868995	1.05482770627455	1.05508693253394
WOout21TL.Mean	121.869315426511	15.0819672606605	0.510839631293592	510.8126
WOout21TL.SD	6.49364083695026	11.3046126326386	0.279596411240888	279.853924316425
WOout21TL.Naive SE	0.0118557118891146	0.0206393044758467	0.000510470871447085	0.510941023848165
WOout21TL.Time-series SE	0.826467961920734	1.55660102131425	0.0255247383855063	25.6677405301729
WOout21TL.2.5%	113.06538152659	0.895569058375295	0.0461786452283353	46
WOout21TL.25%	117.143945206906	5.94958891503212	0.262555462328423	262
WOout21TL.50%	120.501782029025	11.281841153566	0.504726627228632	505
WOout21TL.75%	125.159689812057	24.1386758654565	0.751622698310593	752
WOout21TL.97.5%	139.323186129491	37.3504355776446	0.975303403422554	976
WOout21TL.Point est.	2.86305807430673	8.0700588684633	1.0982608124772	1.09870490180694
WOout21TL.Upper C.I.	6.2477994976508	16.0185513706629	1.30301699077549	1.30423027345998
WOout23TL.Mean	117.039965175283	43.1170653626848	0.490199156854881	490.145106666667
WOout23TL.SD	5.56365811250792	23.2872476399362	0.271477172878502	271.726671851211
WOout23TL.Naive SE	0.0101578035015574	0.0425165027820066	0.000495647238110951	0.496102758829042
WOout23TL.Time-series SE	0.857626319804156	2.21977075310663	0.02417043618591	24.1596427886616
WOout23TL.2.5%	110.453686854855	1.84219870150339	0.0356338798142026	35
WOout23TL.25%	112.828228817137	18.1890774734593	0.259479574471383	259
WOout23TL.50%	115.556896338223	52.2477869023815	0.47569809104855	475
WOout23TL.75%	119.674660185569	60.9163004505887	0.718451093402486	718
WOout23TL.97.5%	131.073680264109	76.1583252968918	0.963519964924059	964
WOout23TL.Point est.	1.63214807419118	7.50378957040543	1.18258424569579	1.18318266444804
WOout23TL.Upper C.I.	3.2952861419226	15.316527089229	1.52079619235168	1.52230686246708
WOout31TL.Mean	122.363205064999	16.191833707872	0.469875354834317	469.83825
WOout31TL.SD	7.47909376490699	9.83318769805966	0.292193018062235	292.471862053266
WOout31TL.Naive SE	0.0136548945491193	0.0179528623813652	0.000533469023794002	0.533978120940376
WOout31TL.Time-series SE	1.28671709590696	1.67176495289385	0.0287213260506317	28.9916080592904
WOout31TL.2.5%	113.709812401953	0.716992808337564	0.041064005559142	42
WOout31TL.25%	116.866166907496	5.37035165780386	0.200629536040525	200
WOout31TL.50%	120.551497657109	18.1972231163655	0.441803528186545	442
WOout31TL.75%	125.556901666588	23.8946618233324	0.729769607384347	730
WOout31TL.97.5%	142.610721067072	32.1127480010675	0.971278287980443	972
WOout31TL.Point est.	1.82633683043908	5.23047492942581	1.10370149353831	1.10397809492776
WOout31TL.Upper C.I.	3.17361989891937	12.4328689831108	1.31948810524903	1.32023681194201
WOout32TL.Mean	148.437360358339	2.43998029158792	0.0930895307567865	92.2782866666667
WOout32TL.SD	2.92461521720639	1.38629975505102	0.173532795567075	173.731517056246
WOout32TL.Naive SE	0.00533959242162271	0.00253102549101777	0.000316826088663397	0.317188902804331
WOout32TL.Time-series SE	1.07558864881855	0.391296063166834	0.0170437635565996	17.5102164545564
WOout32TL.2.5%	142.044841661774	0.0786808976152599	0.00805764317095891	10
WOout32TL.25%	147.150933079187	1.20687517780741	0.0163477289600001	15
WOout32TL.50%	149.068660347519	2.83004864745006	0.0286229719750731	28
WOout32TL.75%	150.839060120238	3.46328293569248	0.0615762081454425	60
WOout32TL.97.5%	151.968362979272	4.80940455296943	0.730265760374853	731
WOout32TL.Point est.	7.83039807116829	1.2042707313215	1.39939877683515	1.40071604342552
WOout32TL.Upper C.I.	16.992836778157	1.67091219629335	4.09469796882346	4.129880059234
WOout11FL.Mean	122.986116418522	25.8789447120328	0.339814204689953	339.509113333333
WOout11FL.SD	8.87356695314358	9.69344198457499	0.31252681916205	312.944607566108
WOout11FL.Naive SE	0.0162008426192304	0.0176977227827312	0.000570593295601309	0.57135606937853
WOout11FL.Time-series SE	2.30215992526875	2.13427407021476	0.037142078562935	37.8067083908447
WOout11FL.2.5%	112.392870387079	9.39003607674102	0.00368779902033485	3
WOout11FL.25%	116.130992337534	18.9921564206792	0.0529617897838585	52
WOout11FL.50%	120.29058973303	25.7798636029977	0.235268855928895	235
WOout11FL.75%	128.409406895147	32.0357945887654	0.607211382135228	607
WOout11FL.97.5%	146.110228253991	44.0359457732069	0.959688846049911	960
WOout11FL.Point est.	2.34831900402336	5.88040431781453	1.57310420283877	1.5737935644339
WOout11FL.Upper C.I.	6.24430546027607	11.6217814780414	2.51643696951486	2.51770292176957
WOout12FL.Mean	116.686329174445	19.1472362501332	0.657740846897898	658.04468
WOout12FL.SD	1.25436368270273	2.46236310584754	0.167982393325939	167.730462077477
WOout12FL.Naive SE	0.00229014428110512	0.00449563939280392	0.000306692486961073	0.30623252553533
WOout12FL.Time-series SE	0.300527546577596	0.173286042405579	0.00712327984350775	7.28105445555851
WOout12FL.2.5%	113.778530074797	15.1331411905479	0.39087066732821	393
WOout12FL.25%	115.962431286882	17.4161553416571	0.52096101543253	521
WOout12FL.50%	116.706873169948	18.3581082932305	0.636316005332742	636
WOout12FL.75%	117.647429257018	21.9921513812269	0.788102695089275	788
WOout12FL.97.5%	118.717177292752	23.2982246602512	0.975769962684558	976
WOout12FL.Point est.	2.42560634065587	7.06574142782202	1.46265798977851	1.46661678465413
WOout12FL.Upper C.I.	4.76173560307588	14.1340136258044	2.27260841323961	2.28531765344549
WOout13FL.Mean	117.046559712686	47.1295914487063	0.447496425109322	447.408636666667
WOout13FL.SD	5.92954197390812	22.9712085256753	0.29997798249478	300.317221585532
WOout13FL.Naive SE	0.0108258129826106	0.0419394969422244	0.000547682359224269	0.548301722232243
WOout13FL.Time-series SE	1.10618712293484	5.59810422909777	0.0320865478692516	32.9433772065014
WOout13FL.2.5%	109.867005990702	7.10812025211578	0.0246444011692524	24
WOout13FL.25%	112.517399791651	30.6974513656327	0.174055772211864	173
WOout13FL.50%	115.496230348852	46.4365098371013	0.413575111793308	413
WOout13FL.75%	119.924472361492	55.2681938394794	0.708581226318341	709
WOout13FL.97.5%	132.820733237967	94.4071884232823	0.974940412165046	975
WOout13FL.Point est.	1.89030382481041	4.12410429232796	1.10138555667559	1.10154512599272
WOout13FL.Upper C.I.	3.48558075406187	8.76558241694153	1.31659717312337	1.31706596127391
WOout21FL.Mean	126.015402397265	13.2092747799642	0.467375896525176	467.31709
WOout21FL.SD	8.88139177561011	14.2772710203983	0.286719187815642	287.00503539758
WOout21FL.Naive SE	0.0162151287251417	0.0260666113249566	0.000523475222787291	0.523997106682745
WOout21FL.Time-series SE	1.23484802623284	3.1638059261499	0.0241469237644711	24.3792842566359
WOout21FL.2.5%	112.673661364751	0.304707633186421	0.0374430385951115	37
WOout21FL.25%	118.583863088377	1.90564819424341	0.210928489488308	211
WOout21FL.50%	125.331863102023	5.67100299258744	0.452827178529868	453
WOout21FL.75%	131.335777574183	20.7052389525544	0.708779682400431	709
WOout21FL.97.5%	146.535833062199	41.5410456582363	0.972514642074624	973
WOout21FL.Point est.	2.62807334809518	2.82462797621514	1.14014074758473	1.14045757500962
WOout21FL.Upper C.I.	5.13582560067426	7.03391191379272	1.4193683946673	1.42023038642019
WOout23FL.Mean	124.28373064592	15.6938445153361	0.442363702563278	442.240263333333
WOout23FL.SD	9.56590576600834	11.19887823188	0.292287357796629	292.586512744104
WOout23FL.Naive SE	0.0174648745700384	0.0204462607545141	0.000533641263795991	0.534187443505728
WOout23FL.Time-series SE	2.78508489288797	1.68048768653486	0.0276268890580709	27.5602877419168
WOout23FL.2.5%	113.290790682522	0.185357165141191	0.0207329942849462	20
WOout23FL.25%	117.096899597335	6.54706126001258	0.17849837075187	178
WOout23FL.50%	121.285970193644	14.2860461650465	0.426889451067267	427
WOout23FL.75%	129.795944962624	23.5299567422949	0.683787076067758	684
WOout23FL.97.5%	149.546362231372	37.9668635398721	0.969931453015236	970
WOout23FL.Point est.	1.21645041112326	1.99630828272624	1.07794759110171	1.07810770308997
WOout23FL.Upper C.I.	1.65222082441119	3.57365401455832	1.2461667256533	1.24663683058439
WOout31FL.Mean	138.415348537892	6.90328313091157	0.387893630546193	387.67012
WOout31FL.SD	21.4426628436437	6.67336597047805	0.299562273806692	299.942661561372
WOout31FL.Naive SE	0.0391487671081384	0.0121838435883939	0.000546923382471548	0.54761787231767
WOout31FL.Time-series SE	2.2121320590487	1.69852318765762	0.0238197291946906	24.1564193109459
WOout31FL.2.5%	115.788538835993	0.0121470450321733	0.00364036837725194	3
WOout31FL.25%	120.705110398976	0.641069921656911	0.109992981010722	109
WOout31FL.50%	127.877292697711	4.72394773360587	0.338589505658988	338
WOout31FL.75%	160.089599362885	13.084816380668	0.638804350581962	639
WOout31FL.97.5%	177.042137072342	19.8333784354056	0.955432297335571	956
WOout31FL.Point est.	5.14379623205193	2.6561468927975	1.2487989428437	1.2496181287161
WOout31FL.Upper C.I.	18.0464011065049	5.840103086514	1.69153846484747	1.69360514264998
WOout32FL.Mean	154.140401300439	0.681872095129401	0.20524799952313	204.630613333333
WOout32FL.SD	4.09442158561716	0.739310714566124	0.233987987483683	234.242949575909
WOout32FL.Naive SE	0.0074753568745953	0.00134979051791043	0.000427201663100166	0.427667158064235
WOout32FL.Time-series SE	0.386813975834029	0.200486865205145	0.017387165951424	17.5901786597361
WOout32FL.2.5%	147.301989097572	0.0299234848216402	0.0108943965113838	11
WOout32FL.25%	149.42552528982	0.104508389135118	0.0420689402302123	41
WOout32FL.50%	155.012810876429	0.336728811822872	0.0970426890517564	96
WOout32FL.75%	157.670813748125	1.135777701879	0.298292394958279	298
WOout32FL.97.5%	160.467785760237	2.46474282539038	0.856639088272995	857
WOout32FL.Point est.	9.64649475310904	2.91712712496529	1.39007546166145	1.39077678130771
WOout32FL.Upper C.I.	19.9195029003888	10.0843356818435	2.40387362788701	2.40701872393263
WOout33FL.Mean	117.156591151936	34.3031379202563	0.502188459700456	502.224933333333
WOout33FL.SD	3.91071785783553	19.8002224586355	0.272945986274057	273.167727547906
WOout33FL.Naive SE	0.00713996128924933	0.0361500949473836	0.000498328912209321	0.498733754534711
WOout33FL.Time-series SE	0.428964451955125	1.94737730242016	0.0239765438493951	24.1863202225423
WOout33FL.2.5%	110.851297893036	6.76933173135442	0.0605636946822629	60
WOout33FL.25%	114.295315773947	18.602886463383	0.266752410430279	267
WOout33FL.50%	116.82323854817	27.7001530111825	0.501499400139983	502
WOout33FL.75%	119.702729574622	53.6400074882988	0.73027878827227	730
WOout33FL.97.5%	126.02572778634	72.8611380448092	0.968765645903005	969
WOout33FL.Point est.	1.76084924440282	5.87038681867656	1.05621642723848	1.05640847555668
WOout33FL.Upper C.I.	3.09120308355785	12.331308554838	1.17537722697259	1.17594590479919
